10 0 0
1 6 343
6 1 343
2 7 954
7 2 954
2 6 879
6 2 879
3 6 1054
6 3 1054
3 5 1364
5 3 1364
4 7 433
7 4 433
5 6 1106
6 5 1106
9 1 464
1 9 464
8 2 811
8 1 1435
1 8 1435
2 8 811
7 8 837
8 7 837
10 5 766
5 10 766
10 4 1053
4 10 1053
10 2 524
2 10 524